3326162103070009 3326160101810021
3326160108060009 3326164107570382
3326160111080002 3326164511690002
3326160111080002 3326161509700004
3326160112050067 3326161808790021
3326160108060009 3326161812790001
3326160108060009 3326164405880041
3326160108060009 3326160107550301
3326160108060009 3326164107570382
3326160111080002 3326164511690002
3326160111080002 3326161509700004
3326160112050067 3326161808790021
3326163004070008 3326163112390062
3326163011050001 3326162802090001
3326162103070009 3326161107740001
3326162103070009 3326162801070001
3326162103070009 3326160101810021
3326160108060009 3326161812790001
3326160108060009 3326164405880041
3326160108060009 3326160107550301
3326162303090002 3326164807880001
3326162401080001 3326161911080001
3326162407080007 3326161104810003
3326160608070203 3326161005680022
3326160608070224 3326161106490001
3326160608070224 3326161905910023
3326160302090001 3326162209000003
3326160608070048 3326160107540309
3326160608070048 3326165403850003
3326160608070048 3326164107600589
3326160608070060 3326161902810064
3326160608070203 3326161005680022
3326160608070224 3326161106490001
3326160608070224 3326161905910023
3326160608070224 3326165407590001
3326160608070197 3326160107400474
3326160902090003 3326166004030022
3326160902090003 3326161606790002
3326160902090003 3326164410800003
3326160911060005 3326167001090001
3326160911060005 3326165907820002
3326160105070023 3326165706070003
3326160105070023 3326162610790021
3326160205060014 3326160706800001
3326160302090001 3326167101940001
3326160302090001 3326164101680022
3326160302090001 3326162209000003
3326160608070048 3326160107540309
3326160608070048 3326165403850003
3326160608070048 3326164107600589
3326160608070060 3326161902810064
3326160608070203 3326161005680022
3326160608070224 3326161106490001
3326160608070224 3326161905910023
3326160608070224 3326165407590001
3326160608070380 3326162003040001
3326160608070380 3326161506050001
3326160608070422 3326165206560003
3326160608070446 3326164710810002
3326160608070547 3326164107440286
3326161003090003 3326166806680002
3326161003090003 3326161106680002
3326161110080003 3326160407670004
3326161403090005 3326162008710042
3326161511060002 3326162804090001
3326161511060002 3326160211070002
3326161511060002 3326160511060002
3326161805060003 3326161402090003
3326161910060009 3326161902600001
3326161910060009 3326165007630001
3326161912050054 3326160802090001
3326161912050054 3326165408060001
3326162302090003 3326161608770024
3326162302090003 3326161101090001
3326162303090002 3326164807880001
3326162401080001 3326161911080001
3326162407080007 3326161104810003